00100011101111010000000110010000
00100000000101100000000000000001
00100000000010000000000000001010
00100001001010010000000000000001
00100001001010010000000000000001
00100001001010010000000000000001
00100001001010010000000000000001
00100001001010010000000000000001
00100001001010010000000000000001
00100001001010010000000000000001
00100001001010010000000000000001
00100001001010010000000000000001
00000000000000000000000000000000
00000000000000000000000000000000
00000000000000000000000000000000
00000000000000000000000000000000
00000000000000000000000000000000
00000000000000000000000000000000
00000000000000000000000000000000
00000000000000000000000000000000
00000000000000000000000000000000
00000000000000000000000000000000
