00100010000000100000000000000000
00000001000100001011100000101010
00010000000101110000000000010011
00100000100100000000000000000000
00100010001000100000000000000000
00000000000100000100100010000000
00000010001010011000100000100010
00100001001100010000000000000000
00100001010100000000000000000000
00001100000000000000000000110011
00100011101111011111111111111000
10101111101100000000000000000100
10101111101100010000000000000000
00100000100100000000000000000000
00100000101100010000000000000000
00001100000000000000000000010111
10001111101100010000000000000000
10001111101100000000000000000100
00100011101111010000000000001000
00100001010100000000000000000000
00100001001100010000000000000000
00001100000000000000000000111000
00001000000000000000000000010110
00100011101111011111111111111100
10101111101111110000000000000000
00100001000010000000000000000001
00100001011001010000000000000000
00000000100010000011000000100010
00001100000000000000000000100000
10001111101111110000000000000000
00100011101111010000000000000100
00000011111000000000000000001000
10001101011011010000000000000000
10001101011011100000000000000100
00100000000101100000000000000001
00000001110011011011100000101010
00010010110101110000000000000110
00100001001010010000000000000001
00100001011010110000000000000100
00100000000101100000000000000001
00000001001001101011100000101010
00010010110101111111111111110110
00000011111000000000000000001000
10101101011011010000000000000100
10101101011011100000000000000000
00100001001010010000000000000001
00100001011010110000000000000100
00100000000101100000000000000001
00000001001001101011100000101010
00010010110101111111111111101110
00000011111000000000000000001000
00100001000001000000000000000001
10101101001000100000000000000000
00100001000010000000000000000001
00100001001010010000000000000100
00000011111000000000000000001000
10001101001001000000000000000000
00100001000010000000000000000001
00100001001010010000000000000100
00000011111000000000000000001000
00000000000000000000000000000000
00000000000000000000000000000000
00000000000000000000000000000000
00000000000000000000000000000000
00000000000000000000000000000000
00000000000000000000000000000000
00000000000000000000000000000000
00000000000000000000000000000000
00000000000000000000000000000000
00000000000000000000000000000000
